latitude = 22.43208733691982
longitude = 88.41852287955471

